1 454 1
2 192 1
2 380 1
2 404 1
2 409 1
3 344 1
4 151 1
5 5 1
5 373 1
5 509 1
5 510 1
5 513 1
5 550 1
6 528 1
7 233 1
7 289 1
7 391 1
7 583 1
8 161 1
8 162 1
9 581 1
10 262 1
11 528 1
12 125 1
13 151 1
14 573 1
15 84 1
15 379 1
15 380 1
15 557 1
15 604 1
16 205 1
17 120 1
17 121 1
17 123 1
17 139 1
17 186 1
17 192 1
17 204 1
17 207 1
17 218 1
17 284 1
17 294 1
17 298 1
17 324 1
17 325 1
17 340 1
17 375 1
17 377 1
17 386 1
17 444 1
17 452 1
18 626 1
19 626 1
20 181 1
20 191 1
21 323 1
22 626 1
23 535 1
24 137 1
24 140 1
24 143 1
24 175 1
24 215 1
24 233 1
24 289 1
24 301 1
24 344 1
24 367 1
24 496 1
24 568 1
25 230 1
25 519 1
25 600 1
26 137 1
26 140 1
26 143 1
26 175 1
26 215 1
26 233 1
26 289 1
26 301 1
26 344 1
26 367 1
26 496 1
26 568 1
27 199 1
28 207 1
28 326 1
28 421 1
28 525 1
28 533 1
29 12 1
29 16 1
29 17 1
29 23 1
29 24 1
29 30 1
29 83 1
29 84 1
29 85 1
29 98 1
29 99 1
29 101 1
29 103 1
29 115 1
29 122 1
29 131 1
29 134 1
29 142 1
29 145 1
29 154 1
29 157 1
29 159 1
29 160 1
29 169 1
29 171 1
29 172 1
29 174 1
29 208 1
29 209 1
29 213 1
29 223 1
29 226 1
29 228 1
29 233 1
29 265 1
29 278 1
29 288 1
29 289 1
29 300 1
29 301 1
29 308 1
29 309 1
29 311 1
29 315 1
29 333 1
29 334 1
29 351 1
29 352 1
29 356 1
29 358 1
29 359 1
29 364 1
29 379 1
29 380 1
29 385 1
29 401 1
29 402 1
29 405 1
29 420 1
29 426 1
29 438 1
29 448 1
29 457 1
29 458 1
29 459 1
29 460 1
29 461 1
29 462 1
29 465 1
29 466 1
29 469 1
29 479 1
29 481 1
29 517 1
29 553 1
29 556 1
29 558 1
29 560 1
29 565 1
29 570 1
29 571 1
29 575 1
29 591 1
29 592 1
29 593 1
29 601 1
29 602 1
29 603 1
29 604 1
29 605 1
29 607 1
29 608 1
29 625 1
30 301 1
30 571 1
31 334 1
31 571 1
32 334 1
33 571 1
34 301 1
34 334 1
35 185 1
35 393 1
35 581 1
36 301 1
36 334 1
37 173 1
38 139 1
38 233 1
38 289 1
39 617 1
40 398 1
41 121 1
41 138 1
41 141 1
41 177 1
41 180 1
41 182 1
41 184 1
41 187 1
41 194 1
41 203 1
41 227 1
41 234 1
41 306 1
41 307 1
41 398 1
41 399 1
41 446 1
41 467 1
41 476 1
41 477 1
42 417 1
43 417 1
44 219 1
45 616 1
46 498 1
47 431 1
48 535 1
49 231 1
50 611 1
51 175 1
51 268 1
51 269 1
51 270 1
51 287 1
51 288 1
51 289 1
51 318 1
51 319 1
52 118 1
52 129 1
52 137 1
52 222 1
52 225 1
52 272 1
52 276 1
52 292 1
52 313 1
52 324 1
52 362 1
52 381 1
52 394 1
52 403 1
52 427 1
52 450 1
52 492 1
52 554 1
52 559 1
52 563 1
52 568 1
53 111 1
53 625 1
54 233 1
54 289 1
55 135 1
56 233 1
56 289 1
57 564 1
58 6 1
58 7 1
58 8 1
58 9 1
58 10 1
58 11 1
58 440 1
58 482 1
58 581 1
58 625 1
59 255 1
59 581 1
59 588 1
60 48 1
60 89 1
60 95 1
60 118 1
60 128 1
60 130 1
60 135 1
60 137 1
60 148 1
60 149 1
60 152 1
60 165 1
60 173 1
60 176 1
60 180 1
60 183 1
60 185 1
60 187 1
60 188 1
60 189 1
60 190 1
60 195 1
60 196 1
60 197 1
60 199 1
60 200 1
60 201 1
60 206 1
60 207 1
60 210 1
60 211 1
60 218 1
60 225 1
60 227 1
60 230 1
60 231 1
60 233 1
60 235 1
60 254 1
60 261 1
60 275 1
60 276 1
60 281 1
60 290 1
60 292 1
60 299 1
60 303 1
60 304 1
60 312 1
60 313 1
60 314 1
60 316 1
60 324 1
60 328 1
60 331 1
60 340 1
60 341 1
60 344 1
60 349 1
60 353 1
60 361 1
60 362 1
60 377 1
60 379 1
60 380 1
60 387 1
60 388 1
60 393 1
60 395 1
60 399 1
60 403 1
60 408 1
60 423 1
60 425 1
60 427 1
60 432 1
60 433 1
60 450 1
60 451 1
60 467 1
60 468 1
60 470 1
60 471 1
60 488 1
60 492 1
60 496 1
60 499 1
60 500 1
60 501 1
60 506 1
60 508 1
60 516 1
60 519 1
60 523 1
60 528 1
60 532 1
60 535 1
60 536 1
60 540 1
60 541 1
60 542 1
60 543 1
60 545 1
60 546 1
60 548 1
60 549 1
60 551 1
60 557 1
60 559 1
60 561 1
60 563 1
60 567 1
60 568 1
60 573 1
60 576 1
60 577 1
60 579 1
60 580 1
60 582 1
60 583 1
60 589 1
60 590 1
60 598 1
60 599 1
60 600 1
60 604 1
60 612 1
60 619 1
61 323 1
62 610 1
63 224 1
64 13 1
64 14 1
64 150 1
64 158 1
64 186 1
64 217 1
64 218 1
64 263 1
64 285 1
64 290 1
64 305 1
64 322 1
64 354 1
64 360 1
64 378 1
64 383 1
64 405 1
64 441 1
64 455 1
64 574 1
65 81 1
65 161 1
65 162 1
66 151 1
66 298 1
66 454 1
67 398 1
67 573 1
68 113 1
69 376 1
70 253 1
70 522 1
70 552 1
71 112 1
71 320 1
71 339 1
71 456 1
71 579 1
71 586 1
72 586 1
73 586 1
74 214 1
75 132 1
75 259 1
75 342 1
75 384 1
75 424 1
75 505 1
75 515 1
75 566 1
76 110 1
76 124 1
76 132 1
76 153 1
76 155 1
76 167 1
76 260 1
76 267 1
76 274 1
76 279 1
76 283 1
76 310 1
76 342 1
76 376 1
76 384 1
76 428 1
76 493 1
76 503 1
76 505 1
76 515 1
76 530 1
76 555 1
76 566 1
76 594 1
76 597 1
77 498 1
78 117 1
78 445 1
78 498 1
78 504 1
78 595 1
79 595 1
80 135 1
80 186 1
80 408 1
80 577 1
80 625 1
81 233 1
81 289 1
82 230 1
82 519 1
82 600 1
83 121 1
83 123 1
83 138 1
83 177 1
83 179 1
83 186 1
83 188 1
83 192 1
83 194 1
83 195 1
83 203 1
83 227 1
83 266 1
83 298 1
83 463 1
83 475 1
84 266 1
85 467 1
86 454 1
87 118 1
87 199 1
87 218 1
88 137 1
88 220 1
88 235 1
88 405 1
89 257 1
90 417 1
90 442 1
91 119 1
91 144 1
91 170 1
91 218 1
91 229 1
91 295 1
91 355 1
91 485 1
91 502 1
91 514 1
91 568 1
91 573 1
91 585 1
91 587 1
92 151 1
93 344 1
94 379 1
94 380 1
94 557 1
94 604 1
95 133 1
95 390 1
95 486 1
95 489 1
95 537 1
95 538 1
95 539 1
95 544 1
95 547 1
96 109 1
96 398 1
96 447 1
97 29 1
97 147 1
97 222 1
97 292 1
97 403 1
97 417 1
97 450 1
98 111 1
98 115 1
98 186 1
98 233 1
98 408 1
98 549 1
98 577 1
98 620 1
99 118 1
99 199 1
99 218 1
99 408 1
99 577 1
100 118 1
100 199 1
100 218 1
101 246 1
101 368 1
102 2 1
102 3 1
102 4 1
102 6 1
102 7 1
102 8 1
102 9 1
102 10 1
102 11 1
102 32 1
102 35 1
102 36 1
102 38 1
102 56 1
102 61 1
102 79 1
102 94 1
102 96 1
102 102 1
102 104 1
102 105 1
102 106 1
102 107 1
102 108 1
102 115 1
102 123 1
102 126 1
102 135 1
102 137 1
102 143 1
102 146 1
102 151 1
102 165 1
102 166 1
102 173 1
102 175 1
102 185 1
102 190 1
102 196 1
102 199 1
102 210 1
102 212 1
102 216 1
102 218 1
102 227 1
102 230 1
102 231 1
102 232 1
102 233 1
102 271 1
102 273 1
102 275 1
102 276 1
102 282 1
102 286 1
102 293 1
102 299 1
102 303 1
102 317 1
102 329 1
102 335 1
102 337 1
102 343 1
102 344 1
102 345 1
102 346 1
102 348 1
102 350 1
102 365 1
102 375 1
102 382 1
102 389 1
102 391 1
102 393 1
102 396 1
102 400 1
102 408 1
102 409 1
102 410 1
102 411 1
102 412 1
102 413 1
102 414 1
102 415 1
102 416 1
102 418 1
102 419 1
102 423 1
102 429 1
102 430 1
102 434 1
102 440 1
102 443 1
102 449 1
102 451 1
102 457 1
102 458 1
102 459 1
102 460 1
102 461 1
102 462 1
102 464 1
102 468 1
102 473 1
102 474 1
102 475 1
102 482 1
102 483 1
102 488 1
102 496 1
102 497 1
102 508 1
102 518 1
102 519 1
102 526 1
102 532 1
102 549 1
102 568 1
102 569 1
102 571 1
102 572 1
102 578 1
102 580 1
102 584 1
102 596 1
102 599 1
102 600 1
102 613 1
102 614 1
102 619 1
102 621 1
102 622 1
102 623 1
102 624 1
102 625 1
103 162 1
104 168 1
104 525 1
104 527 1
105 233 1
105 289 1
106 151 1
107 557 1
108 233 1
108 289 1
109 314 1
109 551 1
110 47 1
110 173 1
110 375 1
111 480 1
112 161 1
112 162 1
113 151 1
113 156 1
113 233 1
113 289 1
113 296 1
113 408 1
113 491 1
113 577 1
113 618 1
114 114 1
115 220 1
115 222 1
115 492 1
116 338 1
117 6 1
117 7 1
117 8 1
117 9 1
117 10 1
117 11 1
117 15 1
117 19 1
117 20 1
117 27 1
117 28 1
117 39 1
117 40 1
117 42 1
117 43 1
117 44 1
117 45 1
117 49 1
117 51 1
117 52 1
117 54 1
117 59 1
117 62 1
117 63 1
117 64 1
117 65 1
117 66 1
117 67 1
117 69 1
117 70 1
117 71 1
117 72 1
117 73 1
117 74 1
117 75 1
117 76 1
117 77 1
117 80 1
117 82 1
117 86 1
117 87 1
117 88 1
117 91 1
117 92 1
117 93 1
117 123 1
117 137 1
117 143 1
117 148 1
117 164 1
117 165 1
117 173 1
117 179 1
117 183 1
117 186 1
117 188 1
117 195 1
117 196 1
117 200 1
117 201 1
117 210 1
117 218 1
117 221 1
117 230 1
117 231 1
117 234 1
117 237 1
117 239 1
117 240 1
117 241 1
117 242 1
117 243 1
117 248 1
117 249 1
117 250 1
117 251 1
117 252 1
117 258 1
117 264 1
117 275 1
117 280 1
117 281 1
117 289 1
117 297 1
117 299 1
117 301 1
117 302 1
117 303 1
117 314 1
117 330 1
117 331 1
117 340 1
117 357 1
117 361 1
117 366 1
117 369 1
117 370 1
117 371 1
117 374 1
117 375 1
117 381 1
117 397 1
117 403 1
117 406 1
117 407 1
117 417 1
117 436 1
117 437 1
117 439 1
117 440 1
117 442 1
117 446 1
117 449 1
117 455 1
117 457 1
117 458 1
117 459 1
117 460 1
117 461 1
117 462 1
117 464 1
117 467 1
117 468 1
117 470 1
117 472 1
117 482 1
117 495 1
117 496 1
117 501 1
117 518 1
117 519 1
117 520 1
117 521 1
117 532 1
117 534 1
117 562 1
117 563 1
117 568 1
117 571 1
117 573 1
117 580 1
117 581 1
117 599 1
117 600 1
117 606 1
117 613 1
117 615 1
117 627 1
118 581 1
119 581 1
120 581 1
121 581 1
122 6 1
122 7 1
122 8 1
122 9 1
122 10 1
122 11 1
122 18 1
122 19 1
122 20 1
122 21 1
122 22 1
122 26 1
122 27 1
122 28 1
122 39 1
122 41 1
122 42 1
122 43 1
122 44 1
122 45 1
122 46 1
122 49 1
122 50 1
122 51 1
122 52 1
122 54 1
122 57 1
122 58 1
122 59 1
122 60 1
122 62 1
122 63 1
122 64 1
122 65 1
122 66 1
122 67 1
122 68 1
122 69 1
122 70 1
122 71 1
122 73 1
122 74 1
122 75 1
122 76 1
122 77 1
122 80 1
122 86 1
122 87 1
122 88 1
122 91 1
122 92 1
122 93 1
122 230 1
122 236 1
122 237 1
122 238 1
122 239 1
122 240 1
122 241 1
122 242 1
122 243 1
122 244 1
122 245 1
122 246 1
122 247 1
122 248 1
122 249 1
122 250 1
122 251 1
122 264 1
122 289 1
122 301 1
122 302 1
122 366 1
122 371 1
122 374 1
122 436 1
122 439 1
122 440 1
122 472 1
122 482 1
122 501 1
122 519 1
122 571 1
122 581 1
122 600 1
122 609 1
122 615 1
123 199 1
123 212 1
123 218 1
123 282 1
123 327 1
123 378 1
123 405 1
123 434 1
123 435 1
123 441 1
123 478 1
123 497 1
123 507 1
123 568 1
124 379 1
125 1 1
125 5 1
125 6 1
125 7 1
125 8 1
125 9 1
125 10 1
125 11 1
125 15 1
125 31 1
125 33 1
125 34 1
125 37 1
125 53 1
125 78 1
125 116 1
125 127 1
125 173 1
125 186 1
125 208 1
125 212 1
125 226 1
125 233 1
125 256 1
125 277 1
125 282 1
125 289 1
125 291 1
125 336 1
125 363 1
125 372 1
125 373 1
125 379 1
125 440 1
125 482 1
125 484 1
125 490 1
125 494 1
125 497 1
125 509 1
125 510 1
125 511 1
125 512 1
125 513 1
125 550 1
125 561 1
125 573 1
126 123 1
126 136 1
126 177 1
126 178 1
126 180 1
126 184 1
126 192 1
126 193 1
126 195 1
126 199 1
126 202 1
126 204 1
126 227 1
126 234 1
126 266 1
126 289 1
126 332 1
126 397 1
126 399 1
126 422 1
126 446 1
126 475 1
126 524 1
127 150 1
127 198 1
127 201 1
127 227 1
127 321 1
127 612 1
128 379 1
128 392 1
128 417 1
129 5 1
129 78 1
129 372 1
129 373 1
129 509 1
129 511 1
129 512 1
129 513 1
129 550 1
130 528 1
131 180 1
131 314 1
132 314 1
132 453 1
133 616 1
134 163 1
135 112 1
136 55 1
136 97 1
136 215 1
136 231 1
136 344 1
136 487 1
137 344 1
137 346 1
137 347 1
137 487 1
138 25 1
138 215 1
138 348 1
138 408 1
138 487 1
138 529 1
138 531 1
139 2 1
139 25 1
139 90 1
139 100 1
139 128 1
139 215 1
139 233 1
139 331 1
139 361 1
139 423 1
139 425 1
139 488 1
139 508 1
139 580 1
139 613 1
140 233 1
141 55 1
141 97 1
141 215 1
141 233 1
141 375 1
141 487 1
142 331 1
142 425 1
